acquire 1474
    0377 1474 1478 2210 2373
    2408 2467 2524 2568 2583
    2616 2629 2826 2843 3116
    3472 3492 3907 3965 4070
    4130 4279 4310 4658 4691
    4711 4740 4758 4768 5229
    5254 5268 6063 6084 6105
    7260 7416 7458 7506
allocproc 2205
    2205 2257 2310
allocuvm 1853
    0422 1853 1867 2287 5943
    5953
alltraps 3004
    2959 2967 2980 2985 3003
    3004
ALT 7010
    7010 7038 7040
argfd 5419
    5419 5456 5471 5483 5494
    5506
argint 3295
    0395 3295 3308 3324 3432
    3456 3470 5424 5471 5483
    5708 5776 5777 5826
argptr 3304
    0396 3304 5471 5483 5506
    5857
argstr 3321
    0397 3321 5518 5608 5708
    5757 5775 5806 5826
__attribute__ 1310
    0270 0365 1209 1310
BACK 7861
    7861 7974 8120 8389
backcmd 7896 8114
    7896 7909 7975 8114 8116
    8242 8355 8390
BACKSPACE 7350
    7350 7367 7394 7426 7432
balloc 4454
    4454 4476 4817 4825 4829
BBLOCK 3695
    3695 4463 4488
B_BUSY 3509
    3509 3958 4076 4077 4088
    4091 4116 4127 4139
B_DIRTY 3511
    3511 3887 3916 3921 3960
    3978 4088 4118 4345
begin_trans 4277
    0333 4277 5283 5374 5523
    5613 5711 5756 5774
bfree 4481
    4481 4864 4874 4877
bget 4066
    4066 4096 4106
binit 4038
    0261 1231 4038
bmap 4810
    4810 4836 4919 4969
bootmain 8517
    8468 8517
BPB 3692
    3692 3695 4462 4464 4489
bread 4102
    0262 4102 4226 4227 4239
    4256 4339 4431 4442 4463
    4488 4613 4634 4718 4826
    4870 4919 4969
brelse 4125
    0263 4125 4128 4230 4231
    4246 4264 4342 4433 4445
    4469 4474 4495 4619 4622
    4643 4726 4832 4876 4922
    4973
BSIZE 3661
    3661 3672 3686 3692 4207
    4228 4340 4443 4919 4920
    4921 4965 4969 4970 4971
buf 3500
    0250 0262 0263 0264 0306
    0332 2020 2023 2032 2034
    3500 3504 3505 3506 3811
    3826 3829 3875 3904 3954
    3956 3959 4026 4030 4034
    4040 4053 4065 4068 4101
    4104 4114 4125 4155 4226
    4227 4239 4240 4246 4256
    4257 4263 4264 4325 4339
    4418 4429 4440 4457 4483
    4606 4631 4705 4813 4859
    4905 4955 7229 7240 7244
    7247 7403 7424 7438 7468
    7501 7508 7984 7987 7988
    7989 8003 8015 8016 8019
    8020 8021 8025
B_VALID 3510
    3510 3920 3960 3978 4107
bwrite 4114
    0264 4114 4117 4229 4263
    4341
bzero 4438
    4438 4470
C 7031 7409
    7031 7079 7104 7105 7106
    7107 7108 7110 7409 7419
    7422 7429 7440 7469
CAPSLOCK 7012
    7012 7045 7186
cgaputc 7355
    7355 7398
clearpteu 1929
    0431 1929 1935 5955
cli 0557
    0557 0559 1126 1560 7310
    7389 8412
cmd 7865
    7865 7877 7886 7887 7892
    7893 7898 7902 7906 7915
    7918 7923 7931 7937 7941
    7951 7975 7977 8052 8055
    8057 8058 8059 8060 8063
    8064 8066 8068 8069 8070
    8071 8072 8073 8074 8075
    8076 8079 8080 8082 8084
    8085 8086 8087 8088 8089
    8100 8101 8103 8105 8106
    8107 8108 8109 8110 8113
    8114 8116 8118 8119 8120
    8121 8122 8212 8213 8214
    8215 8217 8221 8224 8230
    8231 8234 8237 8239 8242
    8246 8248 8250 8253 8255
    8258 8260 8263 8264 8275
    8278 8281 8285 8300 8303
    8308 8312 8313 8316 8321
    8322 8328 8337 8338 8344
    8345 8351 8352 8361 8364
    8366 8372 8373 8378 8384
    8390 8391 8394
COM1 7613
    7613 7623 7626 7627 7628
    7629 7630 7631 7634 7640
    7641 7657 7659 7667 7669
commit_trans 4301
    0334 4301 5285 5379 5528
    5546 5555 5645 5652 5713
    5758 5762 5779 5783
CONSOLE 3787
    3787 7521 7522
consoleinit 7516
    0267 1227 7516
consoleintr 7412
    0269 7198 7412 7675
consoleread 7451
    7451 7522
consolewrite 7501
    7501 7521
consputc 7386
    7216 7247 7268 7286 7289
    7293 7294 7386 7426 7432
    7439 7508
context 2093
    0251 0374 2056 2093 2111
    2238 2239 2240 2241 2478
    2516 2678
copyout 2018
    0430 2018 5963 5974
copyuvm 1953
    0427 1953 1964 1966 2314
cprintf 7252
    0268 1224 1264 1867 2676
    2680 2682 3140 3153 3158
    3385 6519 6539 6711 6862
    7252 7312 7313 7314 7317
cpu 2054
    0309 1224 1264 1266 1278
    1406 1466 1487 1508 1546
    1561 1562 1570 1572 1618
    1631 1637 1776 1777 1778
    1779 2054 2064 2068 2079
    2478 2509 2515 2516 2517
    3115 3140 3141 3153 3154
    3158 3160 6413 6414 6711
    7312
cpunum 6701
    0323 1256 1288 1624 6701
    6873 6882
CR0_PE 0727
    0727 1135 1171 8443
CR0_PG 0737
    0737 1050 1171
CR0_WP 0733
    0733 1050 1171
CR4_PSE 0739
    0739 1043 1164
create 5657
    5657 5677 5690 5694 5712
    5757 5778
CRTPORT 7351
    7351 7360 7361 7362 7363
    7378 7379 7380 7381
CTL 7009
    7009 7035 7039 7185
deallocuvm 1882
    0423 1868 1882 1916 2290
DEVSPACE 0204
    0204 1732 1745
devsw 3780
    3780 3785 4908 4910 4958
    4960 5211 7521 7522
dinode 3676
    3676 3686 4607 4614 4632
    4635 4706 4719
dirent 3700
    3700 5014 5055 5564 5604
dirlink 5052
    0286 5021 5052 5067 5075
    5539 5689 5693 5694
dirlookup 5011
    0287 5011 5017 5059 5174
    5621 5667
DIRSIZ 3698
    3698 3702 5005 5072 5128
    5129 5191 5515 5605 5661
DPL_USER 0779
    0779 1627 1628 2264 2265
    3073 3168 3177
E0ESC 7016
    7016 7170 7174 7175 7177
    7180
elfhdr 0955
    0955 5915 8519 8524
ELF_MAGIC 0952
    0952 5928 8530
ELF_PROG_LOAD 0986
    0986 5939
entry 1040
    0961 1036 1039 1040 2952
    2953 5987 6321 8521 8545
    8546
EOI 6614
    6614 6684 6725
ERROR 6635
    6635 6677
ESR 6617
    6617 6680 6681
exec 5910
    0273 5842 5910 7768 7829
    7830 7926 7927
EXEC 7857
    7857 7922 8059 8365
execcmd 7869 8053
    7869 7910 7923 8053 8055
    8321 8327 8328 8356 8366
exit 2354
    0359 2354 2390 3105 3109
    3169 3178 3417 7716 7719
    7761 7826 7831 7916 7925
    7935 7980 8028 8035
EXTMEM 0202
    0202 0208 1729
fdalloc 5438
    5438 5458 5726 5862
fetchint 3267
    0398 3267 3297 5833
fetchstr 3279
    0399 3279 3326 5839
file 3750
    0252 0276 0277 0278 0280
    0281 0282 0351 2114 3750
    4420 5208 5214 5224 5227
    5230 5251 5252 5264 5266
    5302 5315 5352 5413 5419
    5422 5438 5453 5467 5479
    5492 5503 5705 5854 6006
    6021 7210 7608 7878 7933
    7934 8064 8072 8272
filealloc 5225
    0276 5225 5726 6027
fileclose 5264
    0277 2365 5264 5270 5497
    5728 5865 5866 6054 6056
filedup 5252
    0278 2329 5252 5256 5460
fileinit 5218
    0279 1232 5218
fileread 5315
    0280 5315 5330 5473
filestat 5302
    0281 5302 5508
filewrite 5352
    0282 5352 5384 5389 5485
FL_IF 0710
    0710 1562 1568 2268 2513
    6708
fork 2304
    0360 2304 3411 7760 7823
    7825 8043 8045
fork1 8039
    7900 7942 7954 7961 7976
    8024 8039
forkret 2533
    2167 2241 2533
freerange 2801
    2761 2784 2790 2801
freevm 1910
    0424 1910 1915 1977 2421
    5990 5995
gatedesc 0901
    0523 0526 0901 3061
getcallerpcs 1526
    0378 1488 1526 2678 7315
getcmd 7984
    7984 8015
gettoken 8156
    8156 8241 8245 8257 8270
    8271 8307 8311 8333
growproc 2281
    0361 2281 3459
havedisk1 3828
    3828 3864 3962
holding 1544
    0379 1477 1504 1544 2507
ialloc 4603
    0288 4603 4624 5676 5677
IBLOCK 3689
    3689 4613 4634 4718
I_BUSY 3775
    3775 4712 4714 4737 4741
    4761 4763
ICRHI 6628
    6628 6687 6756 6768
ICRLO 6618
    6618 6688 6689 6757 6759
    6769
ID 6611
    6611 6647 6716
IDE_BSY 3813
    3813 3837
IDE_CMD_READ 3818
    3818 3891
IDE_CMD_WRITE 3819
    3819 3888
IDE_DF 3815
    3815 3839
IDE_DRDY 3814
    3814 3837
IDE_ERR 3816
    3816 3839
ideinit 3851
    0304 1234 3851
ideintr 3902
    0305 3124 3902
idelock 3825
    3825 3855 3907 3909 3928
    3965 3979 3982
iderw 3954
    0306 3954 3959 3961 3963
    4108 4119
idestart 3875
    3829 3875 3878 3926 3975
idewait 3833
    3833 3858 3880 3916
idtinit 3079
    0406 1265 3079
idup 4689
    0289 2330 4689 5161
iget 4654
    4573 4620 4654 4674 5029
    5159
iinit 4568
    0290 1233 4568
ilock 4703
    0291 4703 4709 4729 5164
    5305 5324 5375 5525 5538
    5551 5615 5623 5665 5669
    5679 5719 5808 5922 7463
    7483 7510
inb 0453
    0453 3837 3863 6554 7164
    7167 7361 7363 7634 7640
    7641 7657 7667 7669 8423
    8431 8554
initlock 1462
    0380 1462 2175 2782 3075
    3855 4042 4211 4570 5220
    6035 7518 7519
initlog 4205
    0331 2544 4205 4208
inituvm 1803
    0425 1803 1808 2261
inode 3762
    0253 0286 0287 0288 0289
    0291 0292 0293 0294 0295
    0297 0298 0299 0300 0301
    0426 1818 2115 3756 3762
    3781 3782 4423 4564 4573
    4602 4629 4653 4656 4662
    4688 4689 4703 4735 4756
    4778 4810 4856 4887 4902
    4952 5010 5011 5052 5056
    5153 5156 5188 5195 5516
    5561 5603 5656 5660 5706
    5754 5769 5804 5916 7451
    7501
INPUT_BUF 7400
    7400 7403 7424 7436 7438
    7440 7468
insl 0462
    0462 0464 3917 8573
install_trans 4221
    4221 4271 4305
INT_DISABLED 6819
    6819 6867
ioapic 6827
    6507 6529 6530 6824 6827
    6836 6837 6843 6844 6858
IOAPIC 6808
    6808 6858
ioapicenable 6873
    0309 3857 6873 7526 7643
ioapicid 6417
    0310 6417 6530 6547 6861
    6862
ioapicinit 6851
    0311 1226 6851 6862
ioapicread 6834
    6834 6859 6860
ioapicwrite 6841
    6841 6867 6868 6881 6882
IO_PIC1 6907
    6907 6920 6935 6944 6947
    6952 6962 6976 6977
IO_PIC2 6908
    6908 6921 6936 6965 6966
    6967 6970 6979 6980
IO_RTC 6735
    6735 6748 6749
IO_TIMER1 7559
    7559 7568 7578 7579
IPB 3686
    3686 3689 3695 4614 4635
    4719
iput 4756
    0292 2370 4756 4762 4781
    5060 5182 5284 5544 5814
IRQ_COM1 2933
    2933 3134 7642 7643
IRQ_ERROR 2935
    2935 6677
IRQ_IDE 2934
    2934 3123 3127 3856 3857
IRQ_KBD 2932
    2932 3130 7525 7526
IRQ_SLAVE 6910
    6910 6914 6952 6967
IRQ_SPURIOUS 2936
    2936 3139 6657
IRQ_TIMER 2931
    2931 3114 3173 6664 7580
isdirempty 5561
    5561 5568 5627
ismp 6415
    0337 1235 6415 6512 6520
    6540 6543 6855 6875
itrunc 4856
    4423 4765 4856
iunlock 4735
    0293 4735 4738 4780 5171
    5307 5327 5378 5534 5732
    5813 7456 7505
iunlockput 4778
    0294 4778 5166 5175 5178
    5527 5540 5543 5554 5628
    5639 5643 5651 5668 5672
    5696 5721 5729 5761 5782
    5810 5948 5997
iupdate 4629
    0295 4629 4767 4882 4978
    5533 5553 5637 5642 5683
    5687
I_VALID 3776
    3776 4717 4727 4759
kalloc 2838
    0314 1294 1663 1742 1809
    1865 1968 2223 2259 2838
    5931 6029
KBDATAP 7004
    7004 7167
kbdgetc 7156
    7156 7198
kbdintr 7196
    0320 3131 7196
KBS_DIB 7003
    7003 7165
KBSTATP 7002
    7002 7164
KERNBASE 0207
    0207 0208 0212 0213 0217
    0218 0220 0221 1315 1533
    1729 1858 1916
KERNLINK 0208
    0208 1730
KEY_DEL 7028
    7028 7069 7091 7115
KEY_DN 7022
    7022 7065 7087 7111
KEY_END 7020
    7020 7068 7090 7114
KEY_HOME 7019
    7019 7068 7090 7114
KEY_INS 7027
    7027 7069 7091 7115
KEY_LF 7023
    7023 7067 7089 7113
KEY_PGDN 7026
    7026 7066 7088 7112
KEY_PGUP 7025
    7025 7066 7088 7112
KEY_RT 7024
    7024 7067 7089 7113
KEY_UP 7021
    7021 7065 7087 7111
kfree 2815
    0315 1898 1900 1920 1923
    2315 2419 2806 2815 2820
    6052 6073
kill 2625
    0362 2625 3159 3434 7767
kinit1 2780
    0316 1219 2780
kinit2 2788
    0317 1238 2788
KSTACKSIZE 0151
    0151 1054 1063 1295 1779
    2227
kvmalloc 1757
    0418 1220 1757
lapiceoi 6722
    0325 3121 3125 3132 3136
    3142 6722
lapicinit 6651
    0326 1222 1256 6651
lapicstartap 6740
    0327 1299 6740
lapicw 6644
    6644 6657 6663 6664 6665
    6668 6669 6674 6677 6680
    6681 6684 6687 6688 6693
    6725 6756 6757 6759 6768
    6769
lcr3 0590
    0590 1768 1783
lgdt 0512
    0512 0520 1133 1633 8441
lidt 0526
    0526 0534 3081
LINT0 6633
    6633 6668
LINT1 6634
    6634 6669
LIST 7860
    7860 7940 8107 8383
listcmd 7890 8101
    7890 7911 7941 8101 8103
    8246 8357 8384
loadgs 0551
    0551 1634
loaduvm 1818
    0426 1818 1824 1827 5945
log 4190 4200
    4190 4200 4211 4213 4214
    4215 4225 4226 4227 4239
    4242 4243 4244 4256 4259
    4260 4261 4272 4279 4280
    4281 4283 4284 4303 4306
    4310 4311 4312 4313 4329
    4331 4334 4335 4338 4339
    4343 4344
logheader 4185
    4185 4196 4207 4208 4240
    4257
LOGSIZE 0160
    0160 4187 4329 5367
log_write 4325
    0332 4325 4444 4468 4494
    4618 4642 4830 4972
ltr 0538
    0538 0540 1780
mappages 1679
    1679 1748 1811 1872 1971
MAXARG 0159
    0159 5822 5914 5960
MAXARGS 7863
    7863 7871 7872 8340
MAXFILE 3673
    3673 4965
memcmp 6165
    0386 6165 6445 6488
memmove 6181
    0387 1285 1812 1970 2032
    4228 4340 4432 4641 4725
    4921 4971 5129 5131 6181
    6204 7373
memset 6154
    0388 1666 1744 1810 1871
    2240 2263 2823 4443 4616
    5632 5829 6154 7375 7987
    8058 8069 8085 8106 8119
microdelay 6731
    0328 6731 6758 6760 6770
    7658
min 4422
    4422 4920 4970
mp 6302
    6302 6408 6437 6444 6445
    6446 6455 6460 6464 6465
    6468 6469 6480 6483 6485
    6487 6494 6504 6510 6550
mpbcpu 6420
    0338 1222 6420
MPBUS 6352
    6352 6533
mpconf 6313
    6313 6479 6482 6487 6505
mpconfig 6480
    6480 6510
mpenter 1252
    1252 1296
mpinit 6501
    0339 1221 6501 6519 6539
mpioapic 6339
    6339 6507 6529 6531
MPIOAPIC 6353
    6353 6528
MPIOINTR 6354
    6354 6534
MPLINTR 6355
    6355 6535
mpmain 1262
    1209 1241 1257 1262
mpproc 6328
    6328 6506 6517 6526
MPPROC 6351
    6351 6516
mpsearch 6456
    6456 6485
mpsearch1 6438
    6438 6464 6468 6471
multiboot_header 1025
    1024 1025
namecmp 5003
    0296 5003 5024 5618
namei 5189
    0297 2273 5189 5520 5717
    5806 5920
nameiparent 5196
    0298 5154 5169 5181 5196
    5536 5610 5663
namex 5154
    5154 5192 5198
NBUF 0155
    0155 4030 4053
ncpu 6416
    1224 1287 2069 3857 6416
    6518 6519 6523 6524 6525
    6545
NCPU 0152
    0152 2068 6413
NDEV 0157
    0157 4908 4958 5211
NDIRECT 3671
    3671 3673 3682 3773 4815
    4820 4824 4825 4862 4869
    4870 4877 4878
NELEM 0434
    0434 1747 2672 3382 5831
nextpid 2166
    2166 2219
NFILE 0154
    0154 5214 5230
NINDIRECT 3672
    3672 3673 4822 4872
NINODE 0156
    0156 4564 4662
NO 7006
    7006 7052 7055 7057 7058
    7059 7060 7062 7074 7077
    7079 7080 7081 7082 7084
    7102 7103 7105 7106 7107
    7108
NOFILE 0153
    0153 2114 2327 2363 5426
    5442
NPDENTRIES 0821
    0821 1311 1917
NPROC 0150
    0150 2161 2211 2379 2412
    2468 2607 2630 2669
NPTENTRIES 0822
    0822 1894
NSEGS 2051
    1611 2051 2058
nulterminate 8352
    8215 8230 8352 8373 8379
    8380 8385 8386 8391
NUMLOCK 7013
    7013 7046
O_CREATE 3553
    3553 5710 8278 8281
O_RDONLY 3550
    3550 5720 8275
O_RDWR 3552
    3552 5738 7814 7816 8007
outb 0471
    0471 3861 3870 3881 3882
    3883 3884 3885 3886 3888
    3891 6553 6554 6748 6749
    6920 6921 6935 6936 6944
    6947 6952 6962 6965 6966
    6967 6970 6976 6977 6979
    6980 7360 7362 7378 7379
    7380 7381 7577 7578 7579
    7623 7626 7627 7628 7629
    7630 7631 7659 8428 8436
    8564 8565 8566 8567 8568
    8569
outsl 0483
    0483 0485 3889
outw 0477
    0477 1181 1183 8474 8476
O_WRONLY 3551
    3551 5737 5738 8278 8281
P2V 0218
    0218 1219 1238 6462 6750
    7352
panic 7305 8032
    0270 1478 1505 1569 1571
    1690 1746 1782 1808 1824
    1827 1898 1915 1935 1964
    1966 2260 2360 2390 2508
    2510 2512 2514 2556 2559
    2820 3155 3878 3959 3961
    3963 4096 4117 4128 4208
    4330 4332 4476 4492 4624
    4674 4709 4729 4738 4762
    4836 5017 5021 5067 5075
    5256 5270 5330 5384 5389
    5568 5626 5634 5677 5690
    5694 7263 7305 7312 7901
    7920 7953 8032 8045 8228
    8272 8306 8310 8336 8341
panicked 7218
    7218 7318 7388
parseblock 8301
    8301 8306 8325
parsecmd 8218
    7902 8025 8218
parseexec 8317
    8214 8255 8317
parseline 8235
    8212 8224 8235 8246 8308
parsepipe 8251
    8213 8239 8251 8258
parseredirs 8264
    8264 8312 8331 8342
PCINT 6632
    6632 6674
pde_t 0103
    0103 0420 0421 0422 0423
    0424 0425 0426 0427 0430
    0431 1210 1270 1311 1610
    1654 1656 1679 1736 1739
    1742 1803 1818 1853 1882
    1910 1929 1952 1953 1955
    2002 2018 2105 5918
PDX 0812
    0812 1659
PDXSHIFT 0827
    0812 0818 0827 1315
peek 8201
    8201 8225 8240 8244 8256
    8269 8305 8309 8324 8332
PGROUNDDOWN 0830
    0830 1684 1685 2025
PGROUNDUP 0829
    0829 1863 1890 2804 5952
PGSIZE 0823
    0823 0829 0830 1310 1666
    1694 1695 1744 1807 1810
    1811 1823 1825 1829 1832
    1864 1871 1872 1891 1894
    1962 1970 1971 2029 2035
    2262 2269 2805 2819 2823
    5953 5955
PHYSTOP 0203
    0203 1238 1731 1745 1746
    2819
picenable 6925
    0343 3856 6925 7525 7580
    7642
picinit 6932
    0344 1225 6932
picsetmask 6917
    6917 6927 6983
pinit 2173
    0363 1229 2173
pipe 6011
    0254 0352 0353 0354 3755
    5281 5322 5359 6011 6023
    6029 6035 6039 6043 6061
    6080 6101 7763 7952 7953
PIPE 7859
    7859 7950 8086 8377
pipealloc 6021
    0351 5859 6021
pipeclose 6061
    0352 5281 6061
pipecmd 7884 8080
    7884 7912 7951 8080 8082
    8258 8358 8378
piperead 6101
    0353 5322 6101
PIPESIZE 6009
    6009 6013 6086 6094 6116
pipewrite 6080
    0354 5359 6080
popcli 1566
    0383 1521 1566 1569 1571
    1784
printint 7226
    7226 7276 7280
proc 2103
    0255 0358 0428 1205 1458
    1606 1638 1773 1779 2065
    2080 2103 2109 2156 2161
    2164 2204 2207 2211 2254
    2285 2287 2290 2293 2294
    2307 2314 2320 2321 2322
    2328 2329 2330 2334 2356
    2359 2364 2365 2366 2370
    2371 2376 2379 2380 2388
    2405 2412 2413 2433 2439
    2460 2468 2475 2478 2483
    2511 2516 2525 2555 2573
    2574 2578 2605 2607 2627
    2630 2665 2669 3055 3104
    3106 3108 3151 3159 3160
    3162 3168 3173 3177 3255
    3269 3283 3286 3297 3310
    3379 3381 3383 3386 3387
    3406 3440 3458 3475 3807
    4416 5161 5411 5426 5443
    5444 5496 5814 5815 5864
    5904 5981 5984 5985 5986
    5987 5988 5989 6004 6087
    6107 6411 6506 6517 6518
    6519 6522 7213 7461 7610
procdump 2654
    0364 2654 7420
proghdr 0974
    0974 5917 8520 8534
PTE_ADDR 0844
    0844 1661 1828 1896 1919
    1967 2011
PTE_P 0833
    0833 1313 1315 1660 1670
    1689 1691 1895 1918 1965
    2007
PTE_PS 0840
    0840 1313 1315
pte_t 0847
    0847 1653 1657 1661 1663
    1682 1821 1884 1931 1956
    2004
PTE_U 0835
    0835 1670 1811 1872 1936
    1971 2009
PTE_W 0834
    0834 1313 1315 1670 1729
    1731 1732 1811 1872 1971
PTX 0815
    0815 1672
PTXSHIFT 0826
    0815 0818 0826
pushcli 1555
    0382 1476 1555 1775
rcr2 0582
    0582 3154 3161
readeflags 0544
    0544 1559 1568 2513 6708
read_head 4237
    4237 4270
readi 4902
    0299 1833 4902 5020 5066
    5325 5567 5568 5926 5937
readsb 4427
    0285 4212 4427 4461 4487
    4610
readsect 8560
    8560 8595
readseg 8579
    8514 8527 8538 8579
recover_from_log 4268
    4202 4216 4268
REDIR 7858
    7858 7930 8070 8371
redircmd 7875 8064
    7875 7913 7931 8064 8066
    8275 8278 8281 8359 8372
REG_ID 6810
    6810 6860
REG_TABLE 6812
    6812 6867 6868 6881 6882
REG_VER 6811
    6811 6859
release 1502
    0381 1502 1505 2214 2220
    2427 2434 2485 2527 2537
    2569 2582 2618 2636 2640
    2831 2848 3119 3476 3481
    3494 3909 3928 3982 4078
    4092 4142 4284 4313 4665
    4681 4693 4715 4743 4764
    4773 5233 5237 5258 5272
    5278 6072 6075 6088 6097
    6108 6119 7301 7448 7462
    7482 7509
ROOTDEV 0158
    0158 4212 4215 5159
ROOTINO 3660
    3660 5159
run 2764
    2661 2764 2765 2771 2817
    2827 2840
runcmd 7906
    7906 7920 7937 7943 7945
    7959 7966 7977 8025
RUNNING 2100
    2100 2477 2511 2661 3173
safestrcpy 6232
    0389 2272 2334 5981 6232
sched 2503
    0366 2389 2503 2508 2510
    2512 2514 2526 2575
scheduler 2458
    0365 1267 2056 2458 2478
    2516
SCROLLLOCK 7014
    7014 7047
SECTSIZE 8512
    8512 8573 8586 8589 8594
SEG 0769
    0769 1625 1626 1627 1628
    1631
SEG16 0773
    0773 1776
SEG_ASM 0660
    0660 1190 1191 8484 8485
segdesc 0752
    0509 0512 0752 0769 0773
    1611 2058
seginit 1616
    0417 1223 1255 1616
SEG_KCODE 0741
    0741 1150 1625 3072 3073
    8453
SEG_KCPU 0743
    0743 1631 1634 3016
SEG_KDATA 0742
    0742 1154 1626 1778 3013
    8458
SEG_NULLASM 0654
    0654 1189 8483
SEG_TSS 0746
    0746 1776 1777 1780
SEG_UCODE 0744
    0744 1627 2264
SEG_UDATA 0745
    0745 1628 2265
SETGATE 0921
    0921 3072 3073
setupkvm 1737
    0420 1737 1759 1960 2259
    5931
SHIFT 7008
    7008 7036 7037 7185
skipelem 5115
    5115 5163
sleep 2553
    0367 2439 2553 2556 2559
    2659 3479 3979 4081 4281
    4713 6092 6111 7466 7779
spinlock 1401
    0256 0367 0377 0379 0380
    0381 0409 1401 1459 1462
    1474 1502 1544 2157 2160
    2553 2759 2769 3058 3063
    3810 3825 4025 4029 4153
    4191 4417 4563 5209 5213
    6007 6012 7208 7221 7402
    7606
STA_R 0669 0786
    0669 0786 1190 1625 1627
    8484
start 1125 7708 8411
    1124 1125 1167 1175 1177
    4192 4213 4226 4239 4256
    4339 7707 7708 8410 8411
    8467
startothers 1274
    1208 1237 1274
stat 3604
    0257 0281 0300 3604 4414
    4887 5302 5409 5504 7803
stati 4887
    0300 4887 5306
STA_W 0668 0785
    0668 0785 1191 1626 1628
    1631 8485
STA_X 0665 0782
    0665 0782 1190 1625 1627
    8484
sti 0563
    0563 0565 1573 2464
stosb 0492
    0492 0494 6160 8540
stosl 0501
    0501 0503 6158
strlen 6251
    0390 5962 5963 6251 8019
    8223
strncmp 6208
    0391 5005 6208
strncpy 6218
    0392 5072 6218
STS_IG32 0800
    0800 0927
STS_T32A 0797
    0797 1776
STS_TG32 0801
    0801 0927
sum 6426
    6426 6428 6430 6432 6433
    6445 6492
superblock 3664
    0258 0285 3664 4210 4427
    4458 4484 4608
SVR 6615
    6615 6657
switchkvm 1766
    0429 1254 1760 1766 2479
switchuvm 1773
    0428 1773 1782 2294 2476
    5989
swtch 2708
    0374 2478 2516 2707 2708
syscall 3375
    0400 3107 3257 3375
SYSCALL 7753 7760 7761 7762 7763 7764 7765 7766 7767 7768 7769 7770 7771 7772 7773 7774 7775 7776 7777 7778 7779 7780
    7760 7761 7762 7763 7764
    7765 7766 7767 7768 7769
    7770 7771 7772 7773 7774
    7775 7776 7777 7778 7779
    7780
sys_chdir 5801
    3329 3359 5801
SYS_chdir 3209
    3209 3359
sys_close 5489
    3330 3371 5489
SYS_close 3222
    3222 3371
sys_dup 5451
    3331 3360 5451
SYS_dup 3210
    3210 3360
sys_exec 5820
    3332 3357 5820
SYS_exec 3207
    3207 3357 7712
sys_exit 3415
    3333 3352 3415
SYS_exit 3202
    3202 3352 7717
sys_fork 3409
    3334 3351 3409
SYS_fork 3201
    3201 3351
sys_fstat 5501
    3335 3358 5501
SYS_fstat 3208
    3208 3358
sys_getpid 3438
    3336 3361 3438
SYS_getpid 3211
    3211 3361
sys_kill 3428
    3337 3356 3428
SYS_kill 3206
    3206 3356
sys_link 5513
    3338 3369 5513
SYS_link 3220
    3220 3369
sys_mkdir 5751
    3339 3370 5751
SYS_mkdir 3221
    3221 3370
sys_mknod 5767
    3340 3367 5767
SYS_mknod 3218
    3218 3367
sys_open 5701
    3341 3365 5701
SYS_open 3216
    3216 3365 3380 3382
sys_pipe 5851
    3342 3354 5851
SYS_pipe 3204
    3204 3354
sys_read 5465
    3343 3355 5465
SYS_read 3205
    3205 3355
sys_sbrk 3451
    3344 3362 3451
SYS_sbrk 3212
    3212 3362
sys_sleep 3465
    3345 3363 3465
SYS_sleep 3213
    3213 3363
sys_unlink 5601
    3346 3368 5601
SYS_unlink 3219
    3219 3368
sys_uptime 3488
    3349 3364 3488
SYS_uptime 3214
    3214 3364
sys_wait 3422
    3347 3353 3422
SYS_wait 3203
    3203 3353
sys_write 5477
    3348 3366 5477
SYS_write 3217
    3217 3366
taskstate 0851
    0851 2057
TDCR 6639
    6639 6663
T_DEV 3602
    3602 4907 4957 5778
T_DIR 3600
    3600 5016 5165 5526 5627
    5635 5685 5720 5757 5809
T_FILE 3601
    3601 5670 5712
ticks 3064
    0407 3064 3117 3118 3473
    3474 3479 3493
tickslock 3063
    0409 3063 3075 3116 3119
    3472 3476 3479 3481 3492
    3494
TICR 6637
    6637 6665
TIMER 6629
    6629 6664
TIMER_16BIT 7571
    7571 7577
TIMER_DIV 7566
    7566 7578 7579
TIMER_FREQ 7565
    7565 7566
timerinit 7574
    0403 1236 7574
TIMER_MODE 7568
    7568 7577
TIMER_RATEGEN 7570
    7570 7577
TIMER_SEL0 7569
    7569 7577
T_IRQ0 2929
    2929 3114 3123 3127 3130
    3134 3138 3139 3173 6657
    6664 6677 6867 6881 6947
    6966
TPR 6613
    6613 6693
trap 3101
    2952 2954 3022 3101 3153
    3155 3158
trapframe 0602
    0602 2110 2231 3101
trapret 3027
    2168 2236 3026 3027
T_SYSCALL 2926
    2926 3073 3103 7713 7718
    7757
tvinit 3067
    0408 1230 3067
uart 7615
    7615 7636 7655 7665
uartgetc 7663
    7663 7675
uartinit 7618
    0412 1228 7618
uartintr 7673
    0413 3135 7673
uartputc 7651
    0414 7395 7397 7647 7651
userinit 2252
    0368 1239 2252 2260
uva2ka 2002
    0421 2002 2026
V2P 0217
    0217 1730 1731
V2P_WO 0220
    0220 1036 1046
VER 6612
    6612 6673
wait 2403
    0369 2403 3424 7762 7833
    7944 7970 7971 8026
waitdisk 8551
    8551 8563 8572
wakeup 2614
    0370 2614 3118 3922 4140
    4312 4742 4770 6066 6069
    6091 6096 6118 7442
wakeup1 2603
    2170 2376 2383 2603 2617
walkpgdir 1654
    1654 1687 1826 1892 1933
    1963 2006
write_head 4254
    4254 4273 4304 4307
writei 4952
    0301 4952 5074 5376 5633
    5634
xchg 0569
    0569 1266 1483 1519
yield 2522
    0371 2522 3174
